-91.02 138.26
-131.1 163.05
-115.99 140.23
-118.03 114.22
-95.23 127.54
-99.58 170.75
-73.43 -6.94
-101.4 14.93
77.44 16.54
-96.27 138.08
-119.94 131.76
-109.47 141.99
-101.44 139.74
-126.41 154.0
-111.8 121.13
-139.02 170.72
-120.04 144.51
-54.94 -24.53
-79.84 -8.14
-71.01 148.44
-83.7 160.43
-61.33 -37.21
-57.57 -40.49
-65.49 -44.44
-58.42 -46.41
-60.81 -37.96
-66.12 -38.12
-64.22 -37.26
-70.0 -39.56
-62.13 -48.63
-53.41 -41.77
-93.58 -24.4
-123.58 -6.35
81.22 5.32
-79.73 124.87
-57.0 136.97
-57.18 -32.17
-68.24 -15.57
-95.8 -10.47
-84.83 129.7
-121.24 115.96
-103.56 130.24
-122.07 131.81
-144.27 129.64
48.17 45.99
61.71 21.62
-115.07 142.71
-85.77 130.28
-79.56 138.33
-101.83 139.96
-48.19 -42.21
-82.93 -8.89
-85.45 165.46
-104.51 164.59
-61.22 -36.21
-63.89 -29.62
-55.55 -39.3
-91.02 4.65
57.94 45.36
-88.67 116.44
-103.44 169.54
-54.79 143.06
66.9 19.15
-71.15 159.52
-119.15 126.67
-103.14 154.61
-105.58 135.67
-106.97 115.78
-108.12 139.93
-96.02 138.8
-117.62 98.81
-83.72 150.39
-97.66 93.88
120.41 125.56
